MyArrayList data: [1.0] [2.5] [3.8] [4.1] [5.9]
Max: 5.9
Min: 1.0
Mean: 3.4599999999999995
Variance: 2.6904000000000003
MyLinkedList data: [1.0] [2.5] [3.8] [4.1] [5.9]
Max: 5.9
Min: 1.0
Mean: 3.4599999999999995
Variance: 2.6904000000000003